10588601992970704341 0 complete ok 12000 12000 ok 12000 12000 52 52
14389056706724403837 0 complete ok 12000 12000 ok 12000 12000 52 52
15051658002046768980 0 complete ok 12000 12000 ok 12000 12000 52 52
15263872034031786306 0 complete ok 12000 12000 ok 12000 12000 52 52
15472145577556848196 0 complete ok 10263 12000 ok 12000 12000 52 52
16962846302593851773 0 complete ok 12000 12000 ok 12000 12000 52 52
17103312333100815830 0 complete ok 12000 12000 ok 12000 12000 52 52
18389388507701574072 0 complete ok 12000 12000 ok 12000 12000 52 52
18444144794871009966 0 complete ok 12000 12000 ok 12000 12000 52 52
3516833798422133599 0 complete ok 12000 12000 ok 12000 12000 52 52
4477596743101089616 0 complete ok 12000 12000 ok 12000 12000 52 52
5290812662085785406 0 complete ok 12000 12000 ok 12000 12000 52 52
5684715628158642161 0 complete ok 12000 12000 ok 12000 12000 52 52
635693954212696868 0 complete ok 12000 12000 ok 12000 12000 52 52
6752030555784622456 0 complete ok 12000 12000 ok 12000 12000 52 52
7183679067753989937 0 complete ok 12000 12000 ok 12000 12000 52 52
7275330315411389186 0 complete ok 12000 12000 ok 12000 12000 52 52
8475637654084313318 0 complete ok 12000 12000 ok 12000 12000 52 52
9387623327148988313 0 complete ok 12000 12000 ok 12000 12000 52 52
9459746653325513711 0 complete ok 12000 12000 ok 12000 12000 52 52
