11461955249533438688 0 complete ok 10 6 10
1306155069690187360 0 complete ok 6 2 6
13620147381080419094 0 complete ok 6 6 6
13880459309090878793 0 complete ok 2 6 2
14189236946719402793 0 complete ok 5 9 5
16097639153899355059 0 complete ok 10 10 10
16265277883658242538 0 complete ok 2 6 2
1716393356351936839 0 complete ok 2 2 2
18322016315669325009 0 complete ok 6 6 6
2322414581419455238 0 complete ok 2 6 2
4749189528387228772 0 complete ok 2 7 2
536031971435615468 0 complete ok 6 3 6
5492052231715161233 0 complete ok 10 10 10
5962091343256219173 0 complete ok 2 6 2
6635416297289148158 0 complete ok 3 5 3
6989574669978301092 0 complete ok 2 2 2
7851395224514791152 0 complete ok 3 5 3
8131621970623044447 0 complete ok 6 6 6
8789851314873071931 0 complete ok 10 5 10
9983648312904296248 0 complete ok 2 3 2
